# time  created  delivered  delivered/created
67.0000 1 0 0.0000
135.0000 2 0 0.0000
186.0000 3 0 0.0000
236.0000 4 0 0.0000
287.0000 5 0 0.0000
338.0000 6 0 0.0000
381.0000 7 0 0.0000
422.0000 8 0 0.0000
469.0000 9 0 0.0000
520.0000 10 0 0.0000
561.0000 11 0 0.0000
606.0000 12 0 0.0000
664.0000 13 0 0.0000
707.0000 14 0 0.0000
772.0000 15 0 0.0000
815.0000 16 0 0.0000
862.0000 17 0 0.0000
925.0000 18 0 0.0000
976.0000 19 0 0.0000
1039.0000 20 0 0.0000
1093.0000 21 0 0.0000
1146.0000 22 0 0.0000
1206.0000 23 0 0.0000
1253.0000 24 0 0.0000
1312.0000 25 0 0.0000
1370.0000 26 0 0.0000
1421.0000 27 0 0.0000
1462.0000 28 0 0.0000
1523.0000 29 0 0.0000
1574.0000 30 0 0.0000
1632.0000 31 0 0.0000
1681.0000 32 0 0.0000
1740.0000 33 0 0.0000
1793.0000 34 0 0.0000
1819.0000 34 1 0.0294
1819.1000 34 2 0.0588
1819.2000 34 3 0.0882
1819.3000 34 4 0.1176
1819.4000 34 5 0.1471
1819.5000 34 6 0.1765
1819.6000 34 7 0.2059
1819.7000 34 8 0.2353
1819.8000 34 9 0.2647
1819.9000 34 10 0.2941
1820.0000 34 11 0.3235
1820.1000 34 12 0.3529
1820.2000 34 13 0.3824
1820.3000 34 14 0.4118
1843.0000 35 14 0.4000
1898.0000 36 14 0.3889
1947.0000 37 14 0.3784
2003.0000 38 14 0.3684
2043.0000 39 14 0.3590
2104.0000 40 14 0.3500
2146.0000 41 14 0.3415
2189.0000 42 14 0.3333
2235.0000 43 14 0.3256
2278.0000 44 14 0.3182
2332.0000 45 14 0.3111
2396.0000 46 14 0.3043
2450.0000 47 14 0.2979
2496.0000 48 14 0.2917
2553.0000 49 14 0.2857
2619.0000 50 14 0.2800
2661.0000 51 14 0.2745
2721.0000 52 14 0.2692
2784.0000 53 14 0.2642
2841.0000 54 14 0.2593
2899.0000 55 14 0.2545
2948.0000 56 14 0.2500
2997.0000 57 14 0.2456
3062.0000 58 14 0.2414
3116.0000 59 14 0.2373
3159.0000 60 14 0.2333
3206.0000 61 14 0.2295
3271.0000 62 14 0.2258
3328.0000 63 14 0.2222
3396.0000 64 14 0.2188
3462.0000 65 14 0.2154
3517.0000 66 14 0.2121
3563.0000 67 14 0.2090
3609.0000 68 14 0.2059
3662.0000 69 14 0.2029
3713.0000 70 14 0.2000
3753.0000 71 14 0.1972
3794.0000 72 14 0.1944
3841.0000 73 14 0.1918
3887.0000 74 14 0.1892
3951.0000 75 14 0.1867
4001.0000 76 14 0.1842
4069.0000 77 14 0.1818
4117.0000 78 14 0.1795
4172.0000 79 14 0.1772
4216.0000 80 14 0.1750
4273.0000 81 14 0.1728
4314.0000 82 14 0.1707
4372.0000 83 14 0.1687
4418.0000 84 14 0.1667
4465.0000 85 14 0.1647
4524.0000 86 14 0.1628
4581.0000 87 14 0.1609
4638.0000 88 14 0.1591
4695.0000 89 14 0.1573
4755.0000 90 14 0.1556
4823.0000 91 14 0.1538
4882.0000 92 14 0.1522
4940.0000 93 14 0.1505
4982.0000 94 14 0.1489
5033.0000 95 14 0.1474
5081.0000 96 14 0.1458
5144.0000 97 14 0.1443
5213.0000 98 14 0.1429
5262.9000 98 15 0.1531
5263.0000 98 16 0.1633
5263.1000 98 17 0.1735
5263.2000 98 18 0.1837
5263.3000 98 19 0.1939
5263.4000 98 20 0.2041
5263.5000 98 21 0.2143
5263.6000 98 22 0.2245
5263.7000 98 23 0.2347
5263.8000 98 24 0.2449
5263.9000 98 25 0.2551
5281.0000 99 25 0.2525
5327.0000 100 25 0.2500
5372.0000 101 25 0.2475
5425.0000 102 25 0.2451
5472.0000 103 25 0.2427
5518.0000 104 25 0.2404
5559.0000 105 25 0.2381
5615.0000 106 25 0.2358
5661.0000 107 25 0.2336
5710.0000 108 25 0.2315
5774.0000 109 25 0.2294
5834.0000 110 25 0.2273
5880.0000 111 25 0.2252
5948.0000 112 25 0.2232
5993.0000 113 25 0.2212
6039.0000 114 25 0.2193
6086.0000 115 25 0.2174
6132.0000 116 25 0.2155
6177.0000 117 25 0.2137
6237.0000 118 25 0.2119
6294.0000 119 25 0.2101
6363.0000 120 25 0.2083
6413.0000 121 25 0.2066
6462.0000 122 25 0.2049
6513.0000 123 25 0.2033
6571.0000 124 25 0.2016
6635.0000 125 25 0.2000
6685.0000 126 25 0.1984
6747.0000 127 25 0.1969
6809.0000 128 25 0.1953
6873.0000 129 25 0.1938
6925.0000 130 25 0.1923
6981.0000 131 25 0.1908
7038.0000 132 25 0.1894
7102.0000 133 25 0.1880
7171.0000 134 25 0.1866
7221.0000 135 25 0.1852
7283.0000 136 25 0.1838
7340.0000 137 25 0.1825
7393.0000 138 25 0.1812
7442.0000 139 25 0.1799
7496.0000 140 25 0.1786
7540.0000 141 25 0.1773
7594.0000 142 25 0.1761
7634.0000 143 25 0.1748
7687.0000 144 25 0.1736
7733.0000 145 25 0.1724
7773.0000 146 25 0.1712
7814.0000 147 25 0.1701
7865.0000 148 25 0.1689
7910.0000 149 25 0.1678
7950.0000 150 25 0.1667
8018.0000 151 25 0.1656
8065.0000 152 25 0.1645
8132.0000 153 25 0.1634
8193.0000 154 25 0.1623
8243.0000 155 25 0.1613
8298.0000 156 25 0.1603
8367.0000 157 25 0.1592
8414.0000 158 25 0.1582
8474.0000 159 25 0.1572
8526.0000 160 25 0.1563
8594.0000 161 25 0.1553
8637.0000 162 25 0.1543
8704.0000 163 25 0.1534
8759.0000 164 25 0.1524
8821.0000 165 25 0.1515
8843.3000 165 26 0.1576
8843.4000 165 27 0.1636
8843.5000 165 28 0.1697
8843.6000 165 29 0.1758
8843.7000 165 30 0.1818
8843.8000 165 31 0.1879
8843.9000 165 32 0.1939
8844.0000 165 33 0.2000
8867.0000 166 33 0.1988
8910.0000 167 33 0.1976
8954.0000 168 33 0.1964
9021.0000 169 33 0.1953
9077.0000 170 33 0.1941
9143.0000 171 33 0.1930
9204.0000 172 33 0.1919
9267.0000 173 33 0.1908
9326.0000 174 33 0.1897
9381.0000 175 33 0.1886
9431.0000 176 33 0.1875
9486.0000 177 33 0.1864
9545.0000 178 33 0.1854
9595.0000 179 33 0.1844
9652.0000 180 33 0.1833
9717.0000 181 33 0.1823
9773.0000 182 33 0.1813
9818.0000 183 33 0.1803
9887.0000 184 33 0.1793
9946.0000 185 33 0.1784
10009.0000 186 33 0.1774
10038.2000 186 34 0.1828
10070.0000 187 34 0.1818
10137.0000 188 34 0.1809
10201.0000 189 34 0.1799
10263.0000 190 34 0.1789
10318.0000 191 34 0.1780
10363.0000 192 34 0.1771
10415.0000 193 34 0.1762
10455.0000 194 34 0.1753
10519.0000 195 34 0.1744
10580.0000 196 34 0.1735
10647.0000 197 34 0.1726
10695.0000 198 34 0.1717
10763.0000 199 34 0.1709
10830.0000 200 34 0.1700
10874.0000 201 34 0.1692
10926.0000 202 34 0.1683
10985.0000 203 34 0.1675
11038.0000 204 34 0.1667
11080.0000 205 34 0.1659
11126.0000 206 34 0.1650
11191.0000 207 34 0.1643
11257.0000 208 34 0.1635
11299.0000 209 34 0.1627
11344.0000 210 34 0.1619
11394.0000 211 34 0.1611
11455.0000 212 34 0.1604
11509.0000 213 34 0.1596
11574.0000 214 34 0.1589
11641.0000 215 34 0.1581
11706.0000 216 34 0.1574
11751.0000 217 34 0.1567
11820.0000 218 34 0.1560
11880.0000 219 34 0.1553
11937.0000 220 34 0.1545
12005.0000 221 34 0.1538
12070.0000 222 34 0.1532
12112.0000 223 34 0.1525
12174.0000 224 34 0.1518
12229.0000 225 34 0.1511
12240.0000 225 35 0.1556
12240.1000 225 36 0.1600
12271.0000 226 36 0.1593
12323.0000 227 36 0.1586
12390.0000 228 36 0.1579
12434.0000 229 36 0.1572
12482.0000 230 36 0.1565
12544.0000 231 36 0.1558
12586.0000 232 36 0.1552
12637.0000 233 36 0.1545
12693.0000 234 36 0.1538
12734.0000 235 36 0.1532
12794.0000 236 36 0.1525
12858.0000 237 36 0.1519
12925.0000 238 36 0.1513
12967.0000 239 36 0.1506
13014.0000 240 36 0.1500
13056.0000 241 36 0.1494
13097.0000 242 36 0.1488
13153.0000 243 36 0.1481
13195.0000 244 36 0.1475
13256.0000 245 36 0.1469
13323.0000 246 36 0.1463
13392.0000 247 36 0.1457
13448.0000 248 36 0.1452
13493.0000 249 36 0.1446
13557.0000 250 36 0.1440
13605.0000 251 36 0.1434
13673.0000 252 36 0.1429
13718.0000 253 36 0.1423
13774.0000 254 36 0.1417
13841.0000 255 36 0.1412
13882.0000 256 36 0.1406
13942.0000 257 36 0.1401
13994.0000 258 36 0.1395
14040.0000 259 36 0.1390
14089.0000 260 36 0.1385
14155.0000 261 36 0.1379
14208.0000 262 36 0.1374
14274.0000 263 36 0.1369
14315.0000 264 36 0.1364
14370.0000 265 36 0.1358
