# time  created  delivered  delivered/created
67.0000 1 0 0.0000
135.0000 2 0 0.0000
186.0000 3 0 0.0000
236.0000 4 0 0.0000
287.0000 5 0 0.0000
338.0000 6 0 0.0000
381.0000 7 0 0.0000
422.0000 8 0 0.0000
469.0000 9 0 0.0000
520.0000 10 0 0.0000
561.0000 11 0 0.0000
606.0000 12 0 0.0000
664.0000 13 0 0.0000
707.0000 14 0 0.0000
772.0000 15 0 0.0000
815.0000 16 0 0.0000
862.0000 17 0 0.0000
925.0000 18 0 0.0000
976.0000 19 0 0.0000
1039.0000 20 0 0.0000
1093.0000 21 0 0.0000
1146.0000 22 0 0.0000
1206.0000 23 0 0.0000
1253.0000 24 0 0.0000
1312.0000 25 0 0.0000
1370.0000 26 0 0.0000
1421.0000 27 0 0.0000
1462.0000 28 0 0.0000
1523.0000 29 0 0.0000
1574.0000 30 0 0.0000
1632.0000 31 0 0.0000
1681.0000 32 0 0.0000
1740.0000 33 0 0.0000
1793.0000 34 0 0.0000
1819.0000 34 1 0.0294
1819.1000 34 2 0.0588
1843.0000 35 2 0.0571
1898.0000 36 2 0.0556
1947.0000 37 2 0.0541
2003.0000 38 2 0.0526
2043.0000 39 2 0.0513
2104.0000 40 2 0.0500
2146.0000 41 2 0.0488
2189.0000 42 2 0.0476
2235.0000 43 2 0.0465
2278.0000 44 2 0.0455
2332.0000 45 2 0.0444
2396.0000 46 2 0.0435
2450.0000 47 2 0.0426
2496.0000 48 2 0.0417
2553.0000 49 2 0.0408
2619.0000 50 2 0.0400
2661.0000 51 2 0.0392
2721.0000 52 2 0.0385
2784.0000 53 2 0.0377
2841.0000 54 2 0.0370
2899.0000 55 2 0.0364
2948.0000 56 2 0.0357
2997.0000 57 2 0.0351
3062.0000 58 2 0.0345
3116.0000 59 2 0.0339
3159.0000 60 2 0.0333
3206.0000 61 2 0.0328
3271.0000 62 2 0.0323
3328.0000 63 2 0.0317
3396.0000 64 2 0.0313
3462.0000 65 2 0.0308
3517.0000 66 2 0.0303
3563.0000 67 2 0.0299
3609.0000 68 2 0.0294
3662.0000 69 2 0.0290
3713.0000 70 2 0.0286
3753.0000 71 2 0.0282
3794.0000 72 2 0.0278
3841.0000 73 2 0.0274
3887.0000 74 2 0.0270
3951.0000 75 2 0.0267
4001.0000 76 2 0.0263
4069.0000 77 2 0.0260
4117.0000 78 2 0.0256
4172.0000 79 2 0.0253
4216.0000 80 2 0.0250
4273.0000 81 2 0.0247
4314.0000 82 2 0.0244
4372.0000 83 2 0.0241
4418.0000 84 2 0.0238
4465.0000 85 2 0.0235
4524.0000 86 2 0.0233
4581.0000 87 2 0.0230
4638.0000 88 2 0.0227
4695.0000 89 2 0.0225
4755.0000 90 2 0.0222
4823.0000 91 2 0.0220
4882.0000 92 2 0.0217
4940.0000 93 2 0.0215
4982.0000 94 2 0.0213
5033.0000 95 2 0.0211
5081.0000 96 2 0.0208
5144.0000 97 2 0.0206
5213.0000 98 2 0.0204
5281.0000 99 2 0.0202
5327.0000 100 2 0.0200
5372.0000 101 2 0.0198
5425.0000 102 2 0.0196
5472.0000 103 2 0.0194
5518.0000 104 2 0.0192
5559.0000 105 2 0.0190
5615.0000 106 2 0.0189
5661.0000 107 2 0.0187
5710.0000 108 2 0.0185
5774.0000 109 2 0.0183
5834.0000 110 2 0.0182
5880.0000 111 2 0.0180
5948.0000 112 2 0.0179
5993.0000 113 2 0.0177
6039.0000 114 2 0.0175
6086.0000 115 2 0.0174
6132.0000 116 2 0.0172
6177.0000 117 2 0.0171
6237.0000 118 2 0.0169
6294.0000 119 2 0.0168
6363.0000 120 2 0.0167
6413.0000 121 2 0.0165
6462.0000 122 2 0.0164
6513.0000 123 2 0.0163
6571.0000 124 2 0.0161
6635.0000 125 2 0.0160
6685.0000 126 2 0.0159
6747.0000 127 2 0.0157
6809.0000 128 2 0.0156
6873.0000 129 2 0.0155
6925.0000 130 2 0.0154
6981.0000 131 2 0.0153
7038.0000 132 2 0.0152
7102.0000 133 2 0.0150
7171.0000 134 2 0.0149
7221.0000 135 2 0.0148
7283.0000 136 2 0.0147
7340.0000 137 2 0.0146
7393.0000 138 2 0.0145
7442.0000 139 2 0.0144
7496.0000 140 2 0.0143
7540.0000 141 2 0.0142
7594.0000 142 2 0.0141
7634.0000 143 2 0.0140
7687.0000 144 2 0.0139
7733.0000 145 2 0.0138
7773.0000 146 2 0.0137
7814.0000 147 2 0.0136
7865.0000 148 2 0.0135
7910.0000 149 2 0.0134
7950.0000 150 2 0.0133
8018.0000 151 2 0.0132
8065.0000 152 2 0.0132
8132.0000 153 2 0.0131
8193.0000 154 2 0.0130
8243.0000 155 2 0.0129
8298.0000 156 2 0.0128
8367.0000 157 2 0.0127
8414.0000 158 2 0.0127
8474.0000 159 2 0.0126
8526.0000 160 2 0.0125
8594.0000 161 2 0.0124
8637.0000 162 2 0.0123
8704.0000 163 2 0.0123
8759.0000 164 2 0.0122
8821.0000 165 2 0.0121
8867.0000 166 2 0.0120
8910.0000 167 2 0.0120
8954.0000 168 2 0.0119
9021.0000 169 2 0.0118
9077.0000 170 2 0.0118
9143.0000 171 2 0.0117
9204.0000 172 2 0.0116
9267.0000 173 2 0.0116
9326.0000 174 2 0.0115
9381.0000 175 2 0.0114
9431.0000 176 2 0.0114
9486.0000 177 2 0.0113
9545.0000 178 2 0.0112
9595.0000 179 2 0.0112
9652.0000 180 2 0.0111
9717.0000 181 2 0.0110
9773.0000 182 2 0.0110
9818.0000 183 2 0.0109
9887.0000 184 2 0.0109
9946.0000 185 2 0.0108
10009.0000 186 2 0.0108
10070.0000 187 2 0.0107
10137.0000 188 2 0.0106
10201.0000 189 2 0.0106
10263.0000 190 2 0.0105
10318.0000 191 2 0.0105
10329.4000 191 3 0.0157
10329.5000 191 4 0.0209
10329.6000 191 5 0.0262
10329.7000 191 6 0.0314
10329.8000 191 7 0.0366
10329.9000 191 8 0.0419
10330.0000 191 9 0.0471
10330.1000 191 10 0.0524
10330.2000 191 11 0.0576
10330.3000 191 12 0.0628
10330.4000 191 13 0.0681
10330.5000 191 14 0.0733
10330.6000 191 15 0.0785
10330.7000 191 16 0.0838
10330.8000 191 17 0.0890
10330.9000 191 18 0.0942
10331.0000 191 19 0.0995
10331.1000 191 20 0.1047
10331.2000 191 21 0.1099
10331.3000 191 22 0.1152
10331.4000 191 23 0.1204
10331.5000 191 24 0.1257
10331.6000 191 25 0.1309
10331.7000 191 26 0.1361
10331.8000 191 27 0.1414
10331.9000 191 28 0.1466
10332.0000 191 29 0.1518
10332.1000 191 30 0.1571
10332.2000 191 31 0.1623
10332.3000 191 32 0.1675
10332.4000 191 33 0.1728
10332.5000 191 34 0.1780
10332.6000 191 35 0.1832
10363.0000 192 35 0.1823
10415.0000 193 35 0.1813
10455.0000 194 35 0.1804
10519.0000 195 35 0.1795
10580.0000 196 35 0.1786
10647.0000 197 35 0.1777
10695.0000 198 35 0.1768
10763.0000 199 35 0.1759
10830.0000 200 35 0.1750
10874.0000 201 35 0.1741
10926.0000 202 35 0.1733
10985.0000 203 35 0.1724
11038.0000 204 35 0.1716
11080.0000 205 35 0.1707
11126.0000 206 35 0.1699
11191.0000 207 35 0.1691
11257.0000 208 35 0.1683
11299.0000 209 35 0.1675
11344.0000 210 35 0.1667
11394.0000 211 35 0.1659
11455.0000 212 35 0.1651
11509.0000 213 35 0.1643
11574.0000 214 35 0.1636
11641.0000 215 35 0.1628
11706.0000 216 35 0.1620
11751.0000 217 35 0.1613
11820.0000 218 35 0.1606
11880.0000 219 35 0.1598
11937.0000 220 35 0.1591
12005.0000 221 35 0.1584
12070.0000 222 35 0.1577
12112.0000 223 35 0.1570
12174.0000 224 35 0.1563
12229.0000 225 35 0.1556
12271.0000 226 35 0.1549
12323.0000 227 35 0.1542
12390.0000 228 35 0.1535
12434.0000 229 35 0.1528
12482.0000 230 35 0.1522
12544.0000 231 35 0.1515
12586.0000 232 35 0.1509
12637.0000 233 35 0.1502
12693.0000 234 35 0.1496
12734.0000 235 35 0.1489
12794.0000 236 35 0.1483
12858.0000 237 35 0.1477
12925.0000 238 35 0.1471
12967.0000 239 35 0.1464
13014.0000 240 35 0.1458
13056.0000 241 35 0.1452
13097.0000 242 35 0.1446
13153.0000 243 35 0.1440
13195.0000 244 35 0.1434
13256.0000 245 35 0.1429
13323.0000 246 35 0.1423
13392.0000 247 35 0.1417
13448.0000 248 35 0.1411
13493.0000 249 35 0.1406
13557.0000 250 35 0.1400
13605.0000 251 35 0.1394
13673.0000 252 35 0.1389
13718.0000 253 35 0.1383
13774.0000 254 35 0.1378
13841.0000 255 35 0.1373
13882.0000 256 35 0.1367
13942.0000 257 35 0.1362
13994.0000 258 35 0.1357
14040.0000 259 35 0.1351
14089.0000 260 35 0.1346
14155.0000 261 35 0.1341
14208.0000 262 35 0.1336
14274.0000 263 35 0.1331
14315.0000 264 35 0.1326
14370.0000 265 35 0.1321
