# time  created  delivered  delivered/created
67.0000 1 0 0.0000
135.0000 2 0 0.0000
186.0000 3 0 0.0000
236.0000 4 0 0.0000
287.0000 5 0 0.0000
338.0000 6 0 0.0000
381.0000 7 0 0.0000
422.0000 8 0 0.0000
469.0000 9 0 0.0000
520.0000 10 0 0.0000
561.0000 11 0 0.0000
606.0000 12 0 0.0000
664.0000 13 0 0.0000
707.0000 14 0 0.0000
772.0000 15 0 0.0000
815.0000 16 0 0.0000
862.0000 17 0 0.0000
925.0000 18 0 0.0000
976.0000 19 0 0.0000
1039.0000 20 0 0.0000
1093.0000 21 0 0.0000
1146.0000 22 0 0.0000
1206.0000 23 0 0.0000
1253.0000 24 0 0.0000
1312.0000 25 0 0.0000
1370.0000 26 0 0.0000
1421.0000 27 0 0.0000
1462.0000 28 0 0.0000
1523.0000 29 0 0.0000
1574.0000 30 0 0.0000
1632.0000 31 0 0.0000
1681.0000 32 0 0.0000
1740.0000 33 0 0.0000
1793.0000 34 0 0.0000
1843.0000 35 0 0.0000
1898.0000 36 0 0.0000
1947.0000 37 0 0.0000
2003.0000 38 0 0.0000
2043.0000 39 0 0.0000
2104.0000 40 0 0.0000
2146.0000 41 0 0.0000
2189.0000 42 0 0.0000
2235.0000 43 0 0.0000
2278.0000 44 0 0.0000
2332.0000 45 0 0.0000
2396.0000 46 0 0.0000
2450.0000 47 0 0.0000
2496.0000 48 0 0.0000
2553.0000 49 0 0.0000
2619.0000 50 0 0.0000
2661.0000 51 0 0.0000
2721.0000 52 0 0.0000
2784.0000 53 0 0.0000
2841.0000 54 0 0.0000
2899.0000 55 0 0.0000
2948.0000 56 0 0.0000
2997.0000 57 0 0.0000
3062.0000 58 0 0.0000
3116.0000 59 0 0.0000
3159.0000 60 0 0.0000
3206.0000 61 0 0.0000
3271.0000 62 0 0.0000
3328.0000 63 0 0.0000
3396.0000 64 0 0.0000
3462.0000 65 0 0.0000
3517.0000 66 0 0.0000
3563.0000 67 0 0.0000
3609.0000 68 0 0.0000
3662.0000 69 0 0.0000
3713.0000 70 0 0.0000
3753.0000 71 0 0.0000
3794.0000 72 0 0.0000
3841.0000 73 0 0.0000
3887.0000 74 0 0.0000
3951.0000 75 0 0.0000
4001.0000 76 0 0.0000
4069.0000 77 0 0.0000
4117.0000 78 0 0.0000
4172.0000 79 0 0.0000
4216.0000 80 0 0.0000
4273.0000 81 0 0.0000
4314.0000 82 0 0.0000
4372.0000 83 0 0.0000
4418.0000 84 0 0.0000
4465.0000 85 0 0.0000
4524.0000 86 0 0.0000
4581.0000 87 0 0.0000
4638.0000 88 0 0.0000
4695.0000 89 0 0.0000
4755.0000 90 0 0.0000
4823.0000 91 0 0.0000
4882.0000 92 0 0.0000
4940.0000 93 0 0.0000
4982.0000 94 0 0.0000
5033.0000 95 0 0.0000
5081.0000 96 0 0.0000
5144.0000 97 0 0.0000
5213.0000 98 0 0.0000
5281.0000 99 0 0.0000
5327.0000 100 0 0.0000
5372.0000 101 0 0.0000
5425.0000 102 0 0.0000
5472.0000 103 0 0.0000
5518.0000 104 0 0.0000
5559.0000 105 0 0.0000
5615.0000 106 0 0.0000
5661.0000 107 0 0.0000
5710.0000 108 0 0.0000
5774.0000 109 0 0.0000
5834.0000 110 0 0.0000
5880.0000 111 0 0.0000
5948.0000 112 0 0.0000
5993.0000 113 0 0.0000
6039.0000 114 0 0.0000
6086.0000 115 0 0.0000
6132.0000 116 0 0.0000
6177.0000 117 0 0.0000
6237.0000 118 0 0.0000
6294.0000 119 0 0.0000
6363.0000 120 0 0.0000
6413.0000 121 0 0.0000
6462.0000 122 0 0.0000
6513.0000 123 0 0.0000
6550.3000 123 1 0.0081
6550.4000 123 2 0.0163
6550.5000 123 3 0.0244
6550.6000 123 4 0.0325
6550.7000 123 5 0.0407
6571.0000 124 5 0.0403
6635.0000 125 5 0.0400
6685.0000 126 5 0.0397
6747.0000 127 5 0.0394
6809.0000 128 5 0.0391
6873.0000 129 5 0.0388
6925.0000 130 5 0.0385
6981.0000 131 5 0.0382
7038.0000 132 5 0.0379
7102.0000 133 5 0.0376
7171.0000 134 5 0.0373
7221.0000 135 5 0.0370
7283.0000 136 5 0.0368
7340.0000 137 5 0.0365
7393.0000 138 5 0.0362
7442.0000 139 5 0.0360
7496.0000 140 5 0.0357
7540.0000 141 5 0.0355
7594.0000 142 5 0.0352
7634.0000 143 5 0.0350
7687.0000 144 5 0.0347
7733.0000 145 5 0.0345
7773.0000 146 5 0.0342
7814.0000 147 5 0.0340
7865.0000 148 5 0.0338
7910.0000 149 5 0.0336
7950.0000 150 5 0.0333
8018.0000 151 5 0.0331
8065.0000 152 5 0.0329
8132.0000 153 5 0.0327
8193.0000 154 5 0.0325
8243.0000 155 5 0.0323
8298.0000 156 5 0.0321
8367.0000 157 5 0.0318
8414.0000 158 5 0.0316
8474.0000 159 5 0.0314
8526.0000 160 5 0.0313
8594.0000 161 5 0.0311
8637.0000 162 5 0.0309
8704.0000 163 5 0.0307
8759.0000 164 5 0.0305
8821.0000 165 5 0.0303
8867.0000 166 5 0.0301
8910.0000 167 5 0.0299
8954.0000 168 5 0.0298
9021.0000 169 5 0.0296
9077.0000 170 5 0.0294
9143.0000 171 5 0.0292
9204.0000 172 5 0.0291
9267.0000 173 5 0.0289
9326.0000 174 5 0.0287
9381.0000 175 5 0.0286
9431.0000 176 5 0.0284
9486.0000 177 5 0.0282
9545.0000 178 5 0.0281
9595.0000 179 5 0.0279
9652.0000 180 5 0.0278
9717.0000 181 5 0.0276
9773.0000 182 5 0.0275
9818.0000 183 5 0.0273
9887.0000 184 5 0.0272
9946.0000 185 5 0.0270
10009.0000 186 5 0.0269
10070.0000 187 5 0.0267
10137.0000 188 5 0.0266
10201.0000 189 5 0.0265
10263.0000 190 5 0.0263
10318.0000 191 5 0.0262
10363.0000 192 5 0.0260
10415.0000 193 5 0.0259
10455.0000 194 5 0.0258
10519.0000 195 5 0.0256
10580.0000 196 5 0.0255
10647.0000 197 5 0.0254
10695.0000 198 5 0.0253
10763.0000 199 5 0.0251
10830.0000 200 5 0.0250
10874.0000 201 5 0.0249
10926.0000 202 5 0.0248
10985.0000 203 5 0.0246
11038.0000 204 5 0.0245
11080.0000 205 5 0.0244
11126.0000 206 5 0.0243
11191.0000 207 5 0.0242
11257.0000 208 5 0.0240
11299.0000 209 5 0.0239
11344.0000 210 5 0.0238
11394.0000 211 5 0.0237
11455.0000 212 5 0.0236
11509.0000 213 5 0.0235
11574.0000 214 5 0.0234
11641.0000 215 5 0.0233
11706.0000 216 5 0.0231
11751.0000 217 5 0.0230
11820.0000 218 5 0.0229
11880.0000 219 5 0.0228
11937.0000 220 5 0.0227
12005.0000 221 5 0.0226
12070.0000 222 5 0.0225
12112.0000 223 5 0.0224
12174.0000 224 5 0.0223
12229.0000 225 5 0.0222
12271.0000 226 5 0.0221
12323.0000 227 5 0.0220
12390.0000 228 5 0.0219
12434.0000 229 5 0.0218
12482.0000 230 5 0.0217
12544.0000 231 5 0.0216
12586.0000 232 5 0.0216
12637.0000 233 5 0.0215
12693.0000 234 5 0.0214
12734.0000 235 5 0.0213
12794.0000 236 5 0.0212
12858.0000 237 5 0.0211
12925.0000 238 5 0.0210
12967.0000 239 5 0.0209
13014.0000 240 5 0.0208
13056.0000 241 5 0.0207
13097.0000 242 5 0.0207
13153.0000 243 5 0.0206
13195.0000 244 5 0.0205
13256.0000 245 5 0.0204
13323.0000 246 5 0.0203
13392.0000 247 5 0.0202
13448.0000 248 5 0.0202
13493.0000 249 5 0.0201
13557.0000 250 5 0.0200
13605.0000 251 5 0.0199
13673.0000 252 5 0.0198
13718.0000 253 5 0.0198
13774.0000 254 5 0.0197
13841.0000 255 5 0.0196
13882.0000 256 5 0.0195
13942.0000 257 5 0.0195
13994.0000 258 5 0.0194
14040.0000 259 5 0.0193
14089.0000 260 5 0.0192
14155.0000 261 5 0.0192
14208.0000 262 5 0.0191
14274.0000 263 5 0.0190
14315.0000 264 5 0.0189
14370.0000 265 5 0.0189
